     function dx=c7ntdde(t,x,z1,z2)
     A1=[-13,3,-3; 106,-116,62; 207,-207,113]; u=1;
     A2=diag([0.02,0.03,0.04]); B=[0; 1; 2]; dx=A1*z1+A2*z2+B*u;